TimeStamp,GazePointX,GazePointY
0,,
4,,
8,,
12,,
16,,
20,,
24,,
28,,
32,,
36,,
40,,
44,,
48,,
52,,
56,,
60,,
64,,
68,,
72,,
76,,
80,,
84,,
88,,
92,1142.4078,446.1979
96,1158.1342,450.749
100,,
104,,
108,,
112,1114.0992,442.4147
116,,
120,,
124,,
128,,
132,,
136,1163.0732,457.2154
140,1084.5464,443.684
144,,
148,,
152,1104.1502,422.8579
156,,
160,,
164,1134.4037,431.9427
168,1026.0047,442.9136
172,1081.2979,434.897
176,1124.8986,436.2393
180,1078.5652,427.3833
184,1099.1936,430.6248
188,1074.6614,436.3778
192,1144.0933,437.5445
196,1120.7331,427.5674
200,1109.0062,431.56
204,1113.7279,433.7208
208,1157.5333,441.7229
212,1112.5547,440.8167
216,1097.9447,435.5016
220,1149.3615,441.6689
224,1101.4661,438.7016
228,1108.4222,441.5035
232,1101.0925,440.0242
236,1137.8518,436.3603
240,1093.921,435.2999
244,1106.7747,434.8078
248,1115.128,437.8196
252,1084.817,442.673
256,1121.0025,453.2954
260,1099.0495,452.4369
264,1097.3748,445.5221
268,1091.976,449.4548
272,1115.5273,443.13
276,1106.8177,448.4437
280,1150.1641,454.4826
284,1147.6638,452.3577
288,1152.27,462.9834
292,1101.848,449.4466
296,1132.3777,442.4238
300,1089.7701,447.7622
304,1099.1951,449.3275
308,1135.0475,457.0367
312,1078.8583,446.4954
316,1139.3294,456.3372
320,1161.4927,447.3739
324,1079.3992,445.4395
328,1148.5619,450.6453
332,1151.171,451.4995
336,1095.0768,439.7267
340,1164.561,451.4166
344,1164.1409,445.9742
348,1093.4544,454.6493
352,1183.7016,450.6715
356,1081.0602,460.5342
360,1106.6854,454.9226
364,1152.7942,458.8725
368,1165.0029,456.3203
372,1123.2081,456.3049
376,1154.6522,461.3801
380,1139.3016,468.5127
384,1091.4141,453.8551
388,1108.3007,453.0735
392,1196.5488,463.462
396,1105.5791,452.7519
400,1117.9732,457.8047
404,1178.7572,454.6808
408,1170.8649,454.212
412,1111.6106,453.7143
416,1092.0769,452.2142
420,1119.6142,463.3926
424,1086.7466,453.8043
428,1101.6404,437.6073
432,1148.5138,451.2497
436,1054.5734,450.1866
440,1110.8776,451.8426
444,1095.8719,454.4374
448,1166.7427,446.9104
452,1150.6743,442.2886
456,1123.9419,436.568
460,1116.5654,436.2212
464,1107.3013,435.8251
468,1112.8621,445.3892
472,1163.6118,454.5081
476,1059.3498,459.2947
480,1130.5519,443.2984
484,1098.342,445.3126
488,1064.2155,451.6595
492,1092.3474,442.489
496,1154.3799,459.1622
500,1184.1342,463.9701
504,1149.5904,446.1796
508,1143.5518,450.8113
512,1156.0212,447.9864
516,1109.994,454.6434
520,1075.4613,461.8587
524,1093.7609,450.7931
528,1073.5962,462.3148
532,1076.8058,449.1582
536,1094.5789,454.8014
540,1099.9543,461.3674
544,1082.0677,461.3129
548,1085.4312,469.5265
552,1042.9245,452.9912
556,1005.2792,461.5391
560,1081.6055,461.45
564,1134.6996,478.1723
568,1123.7006,447.4248
572,1124.9744,454.6956
576,1130.4615,452.0753
580,1153.4161,452.7791
584,1097.6132,447.6711
588,1115.5333,456.959
592,1107.999,446.9819
596,1177.842,454.5406
600,1156.0636,455.4028
604,1056.1908,455.0305
608,1108.3122,443.6917
612,1064.6461,456.445
616,1127.6466,454.489
620,1073.4974,456.0368
624,1106.6073,459.9388
628,1137.4349,449.6473
632,976.2659,446.321
636,1145.8811,442.7859
640,1111.2195,456.7389
644,1085.7754,461.6876
648,1161.2835,460.8883
652,1068.0774,462.8288
656,1008.1566,457.4709
660,1147.235,462.7259
664,1139.9887,447.9462
668,1169.8182,469.7523
672,1058.5017,529.4806
676,1132.6426,457.3698
680,1038.9786,458.4214
684,1088.133,454.6352
688,1134.3665,445.6515
692,1145.186,456.8357
696,1099.8057,446.1942
700,1066.0655,447.304
704,1075.3638,442.6088
708,1088.8124,451.1483
712,1116.9182,441.881
716,1105.7938,440.0239
720,1104.3946,439.8122
724,1077.8576,372.535
728,1006.5107,438.0858
732,1110.1501,428.9191
736,1116.9621,432.8609
740,1151.3976,439.7425
744,1079.5296,437.7148
748,1063.4416,444.1326
752,1101.1066,443.5188
756,1171.2119,454.6374
760,1068.9959,462.8557
764,1196.5112,493.5743
768,1069.9831,492.4589
772,1095.637,514.3801
776,1099.8637,508.9997
780,1121.2309,408.4769
784,1119.3831,416.8062
788,1191.2763,439.9622
792,1307.4041,545.929
796,1211.3778,426.074
800,1244.4881,546.5406
804,1180.7471,433.0766
808,1216.1322,440.1638
812,1255.0086,541.1334
816,1220.613,432.7202
820,1335.7674,552.1244
824,1312.8564,545.8409
828,1372.144,544.317
832,1375.7249,530.2134
836,1264.6177,518.9464
840,1354.6906,524.6959
844,1313.3256,529.4436
848,1289.8261,524.009
852,1503.8062,613.8182
856,1134.1133,517.2073
860,1341.3956,525.2518
864,1334.5338,526.0804
868,1211.4583,432.8821
872,1280.5118,507.0836
876,1294.3587,516.1967
880,1230.4547,506.239
884,1243.4611,523.152
888,1192.0259,512.5898
892,1173.0268,508.0195
896,1250.9627,520.066
900,1358.6365,508.3253
904,1208.8828,496.7266
908,1250.3877,495.5667
912,1278.8222,484.1799
916,1274.9059,486.7024
920,1290.6987,490.1559
924,1190.13,468.9139
928,1279.8083,494.1956
932,1197.207,480.2559
936,1268.4942,497.4743
940,1240.7343,484.2204
944,1285.7437,497.1213
948,1320.7852,500.8704
952,1287.0548,513.4922
956,1286.3272,508.7168
960,1141.8787,484.7724
964,1206.1713,482.9656
968,1304.4904,477.3362
972,1127.6085,480.8518
976,1238.4487,462.464
980,1251.3494,461.9064
984,1115.9531,462.9514
988,1272.268,478.2245
992,1181.0524,470.5033
996,1299.6436,478.4809
1000,1292.3962,477.9701
1004,1290.1977,468.0952
1008,1283.2389,475.9472
1012,1222.2975,460.9554
1016,1276.0753,489.9627
1020,1217.789,461.9696
1024,1272.8985,463.1905
1028,1256.8355,456.4912
1032,1289.5044,467.29
1036,1223.6064,461.4346
1040,1258.2434,462.2467
1044,1193.9957,422.2921
1048,1292.8128,458.1454
1052,1298.3875,474.422
1056,1252.8378,458.9752
1060,1287.2787,475.1141
1064,1258.2793,471.6912
1068,1249.2358,468.5887
1072,1266.9341,465.4752
1076,1185.4005,464.1861
1080,1210.3233,467.5312
1084,1299.4151,470.5464
1088,1263.3422,467.5791
1092,1222.8692,471.5442
1096,1209.5584,470.9564
1100,1240.269,469.5257
1104,1250.6213,465.919
1108,1232.6149,466.9356
1112,1260.7797,458.8238
1116,1281.7508,462.3627
1120,1219.108,452.2161
1124,1329.2619,480.5844
1128,1181.7363,431.4503
1132,1273.2337,478.2997
1136,1323.0193,475.2427
1140,1269.8004,469.3204
1144,1197.5388,463.6978
1148,1268.2721,463.1165
1152,1232.7332,456.5343
1156,1249.9655,464.825
1160,1287.6549,453.0106
1164,1243.0144,446.9285
1168,1194.5059,437.297
1172,1161.3125,434.7462
1176,1244.6938,449.7647
1180,1105.6613,427.2344
1184,1248.9738,443.3295
1188,1232.5672,437.618
1192,1211.0233,422.6471
1196,1198.7768,427.6765
1200,1227.3189,446.8598
1204,1188.7059,430.4839
1208,1243.2506,432.5457
1212,1149.572,443.3449
1216,1184.3991,423.1538
1220,1145.7447,436.1754
1224,1177.9413,425.6663
1228,1164.5293,412.216
1232,1189.5856,423.0144
1236,1263.2098,431.7856
1240,1182.3374,410.8577
1244,1194.1462,421.9942
1248,1073.7746,432.1928
1252,1258.0016,425.5793
1256,1196.7463,426.7612
1260,1188.0963,427.4437
1264,1182.4346,423.0424
1268,1190.4574,429.6583
1272,1191.6879,430.1376
1276,1187.9234,421.4467
1280,1187.1234,414.9685
1284,1188.6987,423.8018
1288,1230.826,435.2422
1292,1238.2253,433.2407
1296,1186.5651,422.5516
1300,1268.548,438.4403
1304,1180.9676,426.5089
1308,1179.3686,435.9825
1312,1172.8934,429.9836
1316,1260.5762,444.529
1320,1151.0106,418.648
1324,1160.0351,427.6678
1328,1177.9927,420.3757
1332,1130.1799,434.8422
1336,1188.0573,416.3639
1340,1176.0563,418.4785
1344,1168.653,421.5509
1348,1174.4606,418.3085
1352,1256.8724,424.5272
1356,1210.2421,402.05
1360,1187.8045,410.124
1364,1171.0681,424.7209
1368,1088.7794,435.3807
1372,1150.0888,407.2275
1376,1131.2627,413.4991
1380,1161.0144,422.9343
1384,1192.1102,418.4566
1388,1171.3739,409.1491
1392,1244.374,433.8569
1396,1211.2586,428.7096
1400,1221.1661,424.6254
1404,1143.4063,400.1853
1408,1196.7788,420.7329
1412,1211.4261,419.5245
1416,1180.3364,410.9841
1420,1186.0182,413.846
1424,1181.9059,414.7313
1428,1188.7525,412.6725
1432,1145.7587,422.9286
1436,1185.6279,415.7379
1440,1203.4891,420.2963
1444,1173.3668,415.5612
1448,1168.9386,413.495
1452,1176.1689,407.3106
1456,1161.5948,400.8516
1460,1237.4844,413.5958
1464,1182.9064,405.6601
1468,1191.348,408.2391
1472,1226.0858,404.193
1476,1175.9225,405.5934
1480,1239.7913,424.1307
1484,1187.3633,409.097
1488,1169.5136,422.4826
1492,1154.7537,413.9552
1496,1135.3007,421.0603
1500,1158.965,429.9041
1504,1225.4343,434.4978
1508,1198.7813,426.4803
1512,1200.4197,433.0793
1516,1196.6082,435.1529
1520,1190.9252,429.3915
1524,1180.5913,417.1086
1528,1187.1588,430.5299
1532,1195.9217,427.0242
1536,1189.4489,420.096
1540,1179.6412,421.0199
1544,1203.7794,429.154
1548,1194.1076,422.1161
1552,1174.1414,423.5847
1556,1186.1287,431.7941
1560,1189.3532,422.765
1564,1198.1945,422.4486
1568,1200.9756,439.505
1572,1198.4353,411.6951
1576,1194.2721,426.7453
1580,1193.6903,348.6445
1584,1240.2391,417.6722
1588,1229.0918,417.0937
1592,1190.0004,413.0438
1596,1219.6169,426.4964
1600,1181.3025,411.9533
1604,1180.6441,411.4973
1608,1174.083,411.7961
1612,1154.6737,419.4212
1616,1166.2097,407.0582
1620,1191.9032,405.1478
1624,1179.4126,413.4224
1628,1181.4982,412.7334
1632,1193.577,417.2837
1636,1190.1065,414.9071
1640,1219.7801,412.8713
1644,1251.8716,420.7569
1648,1207.0066,420.5478
1652,1160.1449,429.7519
1656,1198.5926,419.4037
1660,1189.4204,423.322
1664,1206.7725,424.9628
1668,1200.1537,416.6589
1672,1169.6482,420.7117
1676,1266.9661,431.645
1680,1174.0963,418.7758
1684,1196.8602,403.1015
1688,1166.4451,420.0385
1692,1200.0128,412.6827
1696,1195.6306,415.0277
1700,1248.9375,409.4936
1704,1148.608,419.8267
1708,1262.3859,423.9097
1712,1215.9088,416.1263
1716,1224.6204,425.8125
1720,1201.3727,416.3733
1724,1189.9727,405.4533
1728,1161.9834,409.0447
1732,1157.5772,422.2482
1736,1195.1652,408.9266
1740,1193.4139,402.6879
1744,1247.9645,422.4515
1748,1193.6496,419.0518
1752,1198.2586,416.3971
1756,1193.5513,422.1561
1760,1168.9929,423.7529
1764,1191.4105,411.3587
1768,1168.8337,410.5125
1772,1180.4899,413.277
1776,1193.0469,398.5732
1780,1228.4346,421.6934
1784,1188.0021,423.5498
1788,1201.9929,426.1222
1792,1188.0442,414.3168
1796,1218.4795,437.5952
1800,1188.2367,412.9691
1804,1189.1698,428.1782
1808,1184.6864,416.8222
1812,1172.289,411.2336
1816,1156.664,427.8071
1820,1189.9245,426.2156
1824,1183.257,413.1307
1828,1136.3134,417.7155
1832,1154.4559,409.1837
1836,1154.2219,396.9068
1840,1174.629,409.5239
1844,1179.8724,394.7062
1848,1181.5891,408.9095
1852,1184.4185,393.9196
1856,1190.0978,403.6193
1860,1192.0864,405.4364
1864,1158.6697,415.2512
1868,1195.8861,413.1693
1872,1197.3491,423.6829
1876,1181.2935,423.8497
1880,1191.7286,421.4476
1884,1171.8442,426.6664
1888,1220.8859,432.726
1892,1182.291,417.8198
1896,1107.3315,423.7463
1900,1188.3041,415.232
1904,1132.1008,428.1403
1908,1164.5068,424.7262
1912,1181.4163,414.5627
1916,1211.5275,424.01
1920,1234.6837,429.9142
1924,1229.6864,431.374
1928,1197.5179,416.883
1932,1203.2849,420.7599
1936,1173.7013,416.8795
1940,1175.2627,412.8925
1944,1128.393,436.0313
1948,1148.2531,421.1842
1952,1135.2414,419.864
1956,1146.3023,434.5091
1960,1193.7852,414.4324
1964,1189.6219,411.6498
1968,1166.5867,420.8222
1972,1159.8815,422.8933
1976,1188.8513,421.4275
1980,1217.1925,432.661
1984,1264.0833,427.5645
1988,1175.3341,421.9635
1992,1184.0949,424.2131
1996,1072.688,417.2019
2000,1229.0324,428.4389
2004,1193.3031,412.204
2008,1151.7276,411.2938
2012,1186.9277,416.2795
2016,1197.5599,420.854
2020,1141.6197,411.6944
2024,1183.7124,412.4853
2028,1165.5291,416.1656
2032,1138.1469,425.8033
2036,1149.3952,418.8483
2040,1184.6807,413.2489
2044,1166.1669,416.3337
2048,1184.4867,421.0498
2052,1229.3057,420.7563
2056,1255.2904,442.1647
2060,1206.2226,430.8417
2064,1192.4113,421.3649
2068,1179.3379,413.3221
2072,1181.3441,416.2103
2076,1228.0194,420.9727
2080,1162.58,422.4769
2084,1166.5372,424.0349
2088,1168.5845,398.2822
2092,1159.0076,413.9677
2096,1173.5545,428.5706
2100,1183.4288,415.6893
2104,1119.1008,419.0414
2108,1178.9626,416.8224
2112,1158.6885,412.9906
2116,1194.8846,431.549
2120,1182.6598,408.3895
2124,1167.8165,414.4065
2128,1220.7822,417.932
2132,1143.9535,424.4925
2136,1171.2257,432.7373
2140,1177.3743,421.5621
2144,1159.4324,423.361
2148,1192.1069,399.0779
2152,1191.3161,412.6635
2156,1196.888,417.3797
2160,1165.3086,414.6654
2164,1160.9402,421.3781
2168,1154.7738,423.3341
2172,1151.9928,418.9811
2176,1152.0119,410.144
2180,1166.657,416.6247
2184,1157.7249,417.2816
2188,1181.301,411.9148
2192,1131.0109,414.1387
2196,1190.3634,414.7674
2200,1146.8898,413.7656
2204,1098.8236,407.2808
2208,1224.4938,416.3204
2212,1176.5586,409.8357
2216,1184.2853,401.0709
2220,1242.4831,419.8336
2224,1178.4273,405.3842
2228,1240.4311,434.3961
2232,1139.5103,409.473
2236,1051.3085,412.8832
2240,1030.4961,418.2945
2244,996.3344,431.1953
2248,972.6002,432.619
2252,954.5818,436.463
2256,990.7668,417.7361
2260,878.9633,427.2693
2264,907.9799,404.2403
2268,889.5367,394.627
2272,1005.9591,315.45590000000004
2276,970.4057,412.8803
2280,1006.5662,309.8307
2284,1039.7848,399.9503
2288,994.0598,318.5538
2292,980.8518,400.8847
2296,974.5666,406.1487
2300,976.6223,407.8511
2304,1010.9511,387.2169
2308,983.4101,393.2694
2312,968.9721,386.2048
2316,930.3979,397.5405
2320,904.6697,408.9969
2324,1013.2259,322.281
2328,969.8541,395.9315
2332,1004.9714,321.1521
2336,890.5254,413.7763
2340,971.7412,418.6924
2344,887.3917,408.5248
2348,890.6726,405.6363
2352,1093.1787,426.4905
2356,943.6329,425.3193
2360,907.5576,435.7924
2364,1016.4928,424.0894
2368,1000.406,439.2951
2372,1000.9428,434.3346
2376,982.5828,440.7638
2380,1042.6865,447.0668
2384,1000.8576,439.8685
2388,915.3896,437.2303
2392,1075.2185,435.1528
2396,991.3209,438.6251
2400,1025.1132,432.5642
2404,1046.8135,437.7454
2408,967.3236,406.9993
2412,1023.7911,416.2818
2416,1014.1659,403.9643
2420,947.8938,405.7426
2424,1000.181,414.9164
2428,973.7568,409.259
2432,1009.607,416.1565
2436,978.8251,407.8382
2440,1081.9269,431.3797
2444,1057.335,434.6233
2448,1062.8925,432.7291
2452,1020.1,412.6182
2456,982.5468,423.5163
2460,1017.0277,408.2876
2464,980.2951,420.9283
2468,1029.4308,417.9043
2472,1044.7984,436.0473
2476,982.2056,428.9997
2480,1028.0225,421.3731
2484,893.4076,421.0447
2488,909.0498,423.3613
2492,919.5337,430.9747
2496,907.4886,429.1727
2500,973.7591,436.8112
2504,1040.4153,438.7701
2508,1019.4151,427.8889
2512,962.3585,441.1734
2516,1041.0988,451.9128
2520,1014.3828,440.645
2524,967.8969,451.5957
2528,1092.3802,453.1651
2532,1075.7321,456.2259
2536,1027.5366,442.661
2540,1012.8373,447.8474
2544,1005.3188,447.6208
2548,1016.6175,425.5473
2552,955.3936,440.0222
2556,978.4858,433.0326
2560,964.299,447.0826
2564,872.6609,436.7581
2568,1014.6557,444.5638
2572,967.1104,438.975
2576,950.6914,437.3635
2580,976.3194,424.8174
2584,990.5654,416.7838
2588,868.7003,432.1673
2592,969.1325,438.0212
2596,1041.1345,439.6392
2600,1073.0803,439.8397
2604,1035.3922,441.1404
2608,974.4068,420.9138
2612,886.1286,430.1536
2616,990.2687,446.0104
2620,993.1867,446.3875
2624,923.3549,448.1974
2628,979.9958,439.3293
2632,886.6609,435.9227
2636,1023.0565,444.8693
2640,970.7932,454.6153
2644,983.4391,455.557
2648,1002.6583,451.2728
2652,982.7024,440.9081
2656,987.3925,443.897
2660,953.2161,453.1382
2664,1000.7193,436.7046
2668,1054.6223,445.7006
2672,1100.7024,476.8437
2676,976.347,450.8273
2680,961.3984,444.0495
2684,965.4671,440.8609
2688,886.9971,452.2384
2692,1081.812,459.5193
2696,945.2912,444.6987
2700,1093.1318,460.2567
2704,889.1638,441.4558
2708,882.5569,441.4459
2712,1086.1943,459.4539
2716,932.0603,449.8367
2720,1120.1967,459.2232
2724,1011.9046,359.902
2728,996.2234,443.9649
2732,1136.3416,458.4061
2736,1025.1229,460.5573
2740,874.0069,450.9291
2744,991.1936,455.9276
2748,992.1711,466.7975
2752,1103.2483,478.0964
2756,894.9218,445.4119
2760,973.85,435.4112
2764,976.9125,448.6094
2768,989.4094,430.6305
2772,991.698,434.4999
2776,1072.3555,451.4712
2780,1088.5009,455.6512
2784,1028.5798,438.1289
2788,922.2113,448.4782
2792,884.1203,434.4689
2796,887.0421,449.7134
2800,969.5839,438.2888
2804,942.4074,449.4326
2808,1143.2261,472.4717
2812,1168.3776,486.8983
2816,1196.1847,498.5299
2820,1174.3065,499.8099
2824,1180.4856,494.8561
2828,1188.2711,512.9391
2832,1249.6247,512.5187
2836,1207.8335,514.2198
2840,1103.6581,491.745
2844,1135.7477,470.9031
2848,1179.3146,496.5668
2852,1138.0106,493.5714
2856,1159.3588,405.1574
2860,1159.8556,441.3224
2864,1158.5377,487.0246
2868,1206.2544,511.3268
2872,1211.011,512.3657
2876,1203.8765,512.715
2880,1150.5432,424.1118
2884,1162.6165,410.4731
2888,1201.8719,501.8982
2892,1198.471,505.5063
2896,1185.0312,497.9327
2900,1216.5163,502.4212
2904,1142.1227,481.9069
2908,1137.2098,486.947
2912,1142.7968,479.2704
2916,1125.8718,493.64
2920,1205.531,493.8267
2924,1192.3506,494.6196
2928,1267.8929,506.7232
2932,1174.9318,500.1413
2936,1113.0294,494.8092
2940,1103.7019,498.9121
2944,1120.5388,501.9072
2948,1220.6984,497.3503
2952,1242.0896,503.3949
2956,1175.8385,490.845
2960,1134.9741,480.358
2964,1180.7451,487.1544
2968,1118.8672,491.2168
2972,1224.6013,496.3656
2976,1154.5959,483.1232
2980,1223.0107,487.3834
2984,1229.9371,486.6547
2988,1221.29,504.6669
2992,1156.9509,387.0346
2996,1092.8152,475.7518
3000,1158.3097,388.1472
3004,1163.1791,467.9026
3008,1219.545,484.8228
3012,1170.2919,391.1998
3016,1082.888,485.1578
3020,1219.7173,481.768
3024,1105.5806,474.6938
3028,1055.0441,473.9009
3032,1212.5407,470.0353
3036,1216.5115,482.1811
3040,1215.0303,471.8414
3044,1154.7443,372.9205
3048,1192.6213,472.4416
3052,1035.2615,459.9385
3056,1153.8349,453.8665
3060,1136.8803,460.8678
3064,1154.8244,456.3766
3068,1143.2621,445.6359
3072,1121.8768,457.3738
3076,1249.1901,468.4533
3080,1140.2951,457.2421
3084,1139.4145,451.506
3088,1126.4906,468.6943
3092,1250.4422,457.9064
3096,1158.6685,457.1922
3100,1143.6396,482.2165
3104,1161.0356,454.0154
3108,1136.2879,457.0634
3112,1153.1836,456.205
3116,1173.7446,448.6615
3120,1157.0834,368.3288
3124,1212.4014,454.7768
3128,1180.4518,433.8332
3132,1172.0687,453.1765
3136,1143.2334,450.3048
3140,1154.6675,379.5832
3144,1220.7391,452.6397
3148,1152.3949,453.9733
3152,1248.8398,465.3781
3156,1215.7325,473.0945
3160,1173.6437,450.5752
3164,1168.2793,454.8603
3168,1256.8986,469.3013
3172,1203.4331,463.217
3176,1210.3403,461.4361
3180,1143.9576,458.2083
3184,1169.7926,450.5621
3188,1145.6632,456.9494
3192,1108.9458,432.9398
3196,1154.7731,387.7314
3200,1075.8386,458.2776
3204,1126.5693,436.3538
3208,1163.0424,434.678
3212,1154.4862,451.2266
3216,1143.9788,452.7631
3220,1248.654,470.2397
3224,1047.9145,453.1824
3228,1132.383,460.2693
3232,1164.8937,447.0849
3236,1161.9978,450.3045
3240,1134.1504,438.7036
3244,1201.5766,455.5028
3248,1179.8755,463.1436
3252,1136.6411,450.6534
3256,1164.931,464.7435
3260,1123.7768,459.4526
3264,1168.328,452.0765
3268,1175.8554,466.731
3272,1247.4651,475.2236
3276,1210.6124,448.5264
3280,1165.2482,443.4485
3284,1207.3092,455.5881
3288,1139.0125,367.1298
3292,1159.262,441.1188
3296,1166.5392,446.6615
3300,1163.3369,448.0388
3304,1163.1128,444.4392
3308,1148.6815,457.8222
3312,1205.8962,448.4453
3316,1171.5484,450.5865
3320,1214.7875,454.6396
3324,1144.6539,447.7456
3328,1160.8987,447.5338
3332,1132.0555,449.0049
3336,1155.0371,445.3771
3340,1169.1257,448.7666
3344,1160.7278,454.279
3348,1140.659,462.035
3352,1183.052,445.6882
3356,1170.6187,455.4869
3360,1195.9472,459.1916
3364,1162.4586,451.3034
3368,1137.5388,446.4185
3372,1134.5909,439.4668
3376,1129.836,436.4324
3380,1154.1352,443.1648
3384,1198.2056,454.4867
3388,1119.2887,439.7225
3392,1161.5825,429.7291
3396,1099.6316,444.8638
3400,1132.593,427.9115
3404,1099.7622,439.4248
3408,1134.4814,431.8892
3412,1225.5314,438.8211
3416,1198.6785,431.0997
3420,1158.8741,437.597
3424,1158.7175,444.2793
3428,1143.3787,403.5548
3432,1128.6301,424.67
3436,1131.594,432.15
3440,1196.774,438.3901
3444,1127.7317,418.829
3448,1159.6616,426.4683
3452,1205.1383,439.9862
3456,1167.989,419.0138
3460,1115.5297,438.1993
3464,1209.4876,431.867
3468,1159.9217,423.9828
3472,1208.6548,427.3426
3476,1209.8775,434.4821
3480,1138.215,420.3371
3484,1150.2164,422.3589
3488,1124.6375,422.2947
3492,1134.1646,426.7273
3496,1121.729,426.9864
3500,1127.066,427.4184
3504,1137.5162,434.262
3508,1174.4143,452.2584
3512,1129.6902,435.6639
3516,1134.9332,431.6226
3520,1135.6204,447.0336
3524,1150.4629,438.8639
3528,1141.9061,442.6916
3532,1129.0188,425.9505
3536,1172.5834,444.2427
3540,1081.2539,441.5367
3544,1143.5447,438.4853
3548,1135.4578,433.1129
3552,1198.408,445.349
3556,1126.2855,431.3357
3560,1134.8903,420.0786
3564,1135.8402,445.0814
3568,1138.9593,434.6403
3572,1206.7015,447.2294
3576,1160.3317,428.7848
3580,1112.7289,429.8489
3584,1152.8452,431.1492
3588,1135.7552,422.9293
3592,1127.1017,428.4272
3596,1156.2,435.9371
3600,1202.1107,440.3072
3604,1152.419,437.8242
3608,1144.5262,435.8336
3612,1129.1381,436.0932
3616,1162.1033,438.8485
3620,1160.8223,428.034
3624,1166.9188,415.8251
3628,1198.5511,429.4822
3632,1172.2752,428.1124
3636,1169.0174,423.303
3640,1157.5442,428.0841
3644,1161.8565,425.5394
3648,1132.2142,422.6974
3652,1145.9784,418.8043
3656,1156.8904,423.4609
3660,1186.0101,424.7747
3664,1223.9077,433.9657
3668,1172.8836,416.446
3672,1125.6293,427.497
3676,1137.1564,426.4443
3680,1110.9382,437.515
3684,1143.3387,429.9759
3688,1123.265,438.8434
3692,1175.9439,430.3273
3696,1173.8076,427.5109
3700,1197.2882,420.1548
3704,1148.8844,439.0917
3708,1149.7408,427.5576
3712,1130.3403,425.1194
3716,1170.6884,424.0546
3720,1156.4365,431.0492
3724,1202.8128,426.7603
3728,1173.3932,428.8667
3732,1152.6426,443.229
3736,1173.3267,442.8048
3740,1128.1697,411.767
3744,1125.1907,438.4318
3748,1166.9674,429.715
3752,1154.8479,440.5602
3756,1165.7721,410.2065
3760,1121.8722,421.7988
3764,1142.1835,440.4677
3768,1110.1392,438.3276
3772,1155.9329,411.5819
3776,1142.0785,436.0511
3780,1126.0194,426.2988
3784,1156.4192,418.907
3788,1125.0283,412.729
3792,1112.2784,407.3773
3796,1119.914,421.0151
3800,1123.0768,414.493
3804,1147.9042,388.3552
3808,1100.5043,395.937
3812,1144.0807,392.8605
3816,1147.4789,401.1656
3820,1102.3683,384.0196
3824,1034.3512,397.5667
3828,1129.9696,298.6739
3832,1145.2578,369.1718
3836,1142.6979,376.5221
3840,1207.1069,389.9209
3844,1141.5231,372.0814
3848,1105.4304,362.6033
3852,1138.0054,358.0475
3856,1105.2444,373.7039
3860,1139.8619,358.1704
3864,1109.3149,354.9864
3868,1137.5448,349.8505
3872,1107.2097,361.5386
3876,1137.5603,358.4152
3880,1161.6033,362.4078
3884,1149.7496,328.6598
3888,1150.0076,367.5158
3892,1183.7003,366.5529
3896,1184.9524,363.8371
3900,1186.3226,349.8772
3904,1141.9485,347.4698
3908,1145.1839,354.1483
3912,1179.9831,379.4197
3916,1132.754,370.0614
3920,1127.2038,382.0213
3924,1127.7263,375.2147
3928,1168.5901,368.5265
3932,1163.3563,377.0657
3936,1162.4597,377.5463
3940,1183.9558,292.83770000000004
3944,1189.1737,370.0734
3948,1181.5387,388.4673
3952,1176.5211,396.5088
3956,1214.1764,396.7374
3960,1165.3013,394.8011
3964,1163.2541,318.299
3968,1203.5019,388.5404
3972,1150.9218,398.9191
3976,1141.3266,387.617
3980,1146.1245,406.2417
3984,1140.6449,404.1675
3988,1175.8352,421.2543
3992,1203.6604,407.1558
3996,1182.2484,403.6984
4000,1185.6964,400.11
4004,1146.1148,394.9952
4008,1163.5633,393.7775
4012,1144.6294,409.3272
4016,1144.1372,406.5237
4020,1106.3588,404.4642
4024,1168.3476,408.1038
4028,1148.798,412.971
4032,1143.3315,415.8126
4036,1150.8691,414.1137
4040,1146.0695,424.0514
4044,1143.2645,409.0002
4048,1174.8467,421.1603
4052,1165.9359,422.9357
4056,1112.3095,419.6377
4060,1144.4245,418.5572
4064,1150.4644,419.8014
4068,1139.1391,404.7085
4072,1148.2419,410.4686
4076,1129.0794,410.5224
4080,1140.7736,405.5318
4084,1190.9437,417.9049
4088,1153.5892,410.1327
4092,1139.4388,413.3758
4096,1142.1364,407.4213
4100,1144.2667,408.8514
4104,1146.6897,409.8693
4108,1142.4019,389.9675
4112,1156.9449,403.372
4116,1106.1626,398.722
4120,1172.8737,407.4674
4124,1144.2402,393.0601
4128,1020.4854,346.9022
4132,1108.1124,402.9729
4136,894.1061,220.921
4140,1138.5118,402.1791
4144,1010.0765,341.9101
4148,1135.5938,411.7823
4152,1151.272,403.2399
4156,1113.5556,413.2775
4160,1107.4963,420.7299
4164,1108.3058,414.9509
4168,1108.6073,415.2287
4172,1125.7333,416.5577
4176,1131.2485,409.2264
4180,1146.3721,417.4449
4184,1148.9121,423.1163
4188,1152.0279,421.6071
4192,1149.395,424.6206
4196,1144.5754,421.4483
4200,1154.5519,419.5255
4204,1148.8725,424.6847
4208,1144.5106,437.2362
4212,1150.7448,440.1053
4216,1206.7756,438.6934
4220,1159.5778,436.0382
4224,1155.0508,431.1818
4228,1150.4286,434.8431
4232,1149.7798,443.659
4236,1149.2548,441.4737
4240,1179.9055,442.2745
4244,1151.0394,423.4641
4248,1146.4756,425.5125
4252,1167.3471,427.4873
4256,1158.0435,435.8886
4260,1209.4818,443.0639
4264,1161.4234,423.1833
4268,1151.1298,436.6436
4272,1163.7544,428.6369
4276,1147.7804,431.3793
4280,1146.1916,426.9423
4284,1142.6079,434.8135
4288,1165.4421,434.865
4292,1117.7001,429.2215
4296,1134.6553,426.1771
4300,1146.9212,426.4105
4304,1140.978,411.7758
4308,1147.3092,407.7787
4312,1165.2465,415.9535
4316,1137.7902,410.1119
4320,1128.3555,416.0618
4324,1134.3509,415.8806
4328,1108.6469,403.0891
4332,1152.5321,387.9916
4336,1144.3287,405.3795
4340,1135.8546,381.6122
4344,1159.396,399.449
4348,1117.7418,387.5028
4352,1014.7479,342.5118
4356,1168.5729,408.3643
4360,1130.8258,400.3075
4364,1135.7953,401.3058
4368,1108.7497,411.7049
4372,1170.0268,390.8647
4376,1166.7638,410.5968
4380,1164.96,405.1485
4384,1134.5565,403.2836
4388,1135.4157,393.0103
4392,1147.146,401.1601
4396,1100.7735,399.6473
4400,1158.3694,394.3331
4404,1160.2211,401.0692
4408,1155.5466,393.5172
4412,1147.7224,394.2878
4416,1163.1531,396.4446
4420,1148.464,399.0976
4424,1103.4994,384.5759
4428,1152.7646,393.443
4432,1153.5987,387.2462
4436,1125.1516,390.8442
4440,1094.5011,397.9811
4444,1127.6843,388.8903
4448,1127.1122,393.263
4452,1140.2769,392.8224
4456,1129.3209,391.1713
4460,1131.8259,389.6562
4464,1128.5395,394.1269
4468,1131.3212,394.0046
4472,1017.011,395.2969
4476,1099.0961,406.6706
4480,1129.5134,415.5816
4484,1129.6936,400.8985
4488,1189.2089,413.1792
4492,1137.5911,393.4799
4496,1130.7928,399.4017
4500,1132.514,401.1174
4504,1017.5058,400.1696
4508,1086.9747,395.1436
4512,1168.9001,394.7256
4516,1090.6922,399.1461
4520,1103.365,388.3918
4524,1115.54,392.1739
4528,1140.3646,398.7529
4532,1133.3858,395.3488
4536,1135.4154,404.8039
4540,1175.8477,409.3425
4544,1126.7784,395.3073
4548,1112.5756,377.1894
4552,1091.4271,402.8017
4556,1134.7509,403.4361
4560,1090.3942,393.1137
4564,1057.0141,398.8511
4568,1098.4957,402.7991
4572,1097.6282,397.4995
4576,1111.866,380.0528
4580,1095.1421,397.0588
4584,1100.1381,392.7047
4588,1089.4642,398.6728
4592,1046.667,399.1385
4596,1082.7884,409.3579
4600,1005.309,395.8684
4604,995.0254,393.0126
4608,1094.1107,401.0181
4612,1093.5045,378.7051
4616,1081.0717,405.6658
4620,1091.6586,403.3536
4624,1111.4147,394.9614
4628,1092.0795,407.7019
4632,1118.1775,400.8018
4636,1129.857,391.6846
4640,1126.8353,401.6199
4644,1132.9426,390.381
4648,1136.3462,392.2561
4652,1134.417,400.1261
4656,1114.7657,397.3437
4660,1134.1427,383.465
4664,1130.5139,396.6791
4668,1070.5408,383.7323
4672,1137.7377,304.0572
4676,1081.6197,393.3386
4680,1002.4587,383.873
4684,1028.2969,386.5977
4688,1043.1331,382.9258
4692,1013.2435,385.033
4696,1130.2029,378.4387
4700,1115.3547,381.4516
4704,1093.2109,377.8927
4708,1114.8788,387.3673
4712,1124.9088,390.2382
4716,1133.0497,387.5079
4720,1133.4644,384.095
4724,1121.1622,382.1405
4728,1124.0691,383.9324
4732,1127.1708,384.236
4736,1125.677,382.0756
4740,1115.8756,379.533
4744,1127.1944,392.6044
4748,1111.8384,391.8893
4752,1110.229,383.6981
4756,1118.2239,381.3518
4760,1196.7864,404.3789
4764,1089.8214,396.3943
4768,1100.4243,388.184
4772,1077.4666,386.2352
4776,1102.3389,401.9639
4780,1131.3171,387.1684
4784,1123.7254,310.986
4788,1100.3801,370.9263
4792,1114.692,384.4989
4796,1125.5332,375.8892
4800,1128.7124,374.3966
4804,1115.1783,384.5776
4808,1115.6602,367.0199
4812,1111.8497,366.8643
4816,1112.0439,360.3643
4820,1061.648,372.6066
4824,1125.8737,370.8158
4828,1125.9523,372.7869
4832,1120.6225,363.3789
4836,1090.6064,379.7347
4840,1127.4643,379.1511
4844,1119.5035,426.9246
4848,1138.9354,377.9116
4852,1100.124,386.7364
4856,1097.5877,386.6657
4860,1082.8024,390.219
4864,1129.8257,391.3263
4868,1100.024,383.6462
4872,1103.7634,380.4057
4876,1086.0325,377.356
4880,1105.5753,380.7167
4884,1063.2095,387.0639
4888,1091.3293,381.3273
4892,1105.016,373.905
4896,1107.3268,385.15
4900,1104.2274,388.4937
4904,1104.2048,389.1304
4908,1088.8952,389.1964
4912,1130.668,387.467
4916,1131.5063,383.4309
4920,1091.6994,381.2062
4924,1126.8269,388.3186
4928,1104.3697,380.992
4932,1086.1922,390.3591
4936,1025.8891,384.5806
4940,1079.36,381.938
4944,1127.6929,385.8703
4948,996.8528,373.7467
4952,1089.1504,382.8022
4956,1089.2615,370.2288
4960,1092.9382,373.7466
4964,1096.2689,397.1249
4968,1122.8883,383.9329
4972,1123.2013,385.5199
4976,1133.3154,377.2793
4980,1166.7789,392.5277
4984,1121.639,376.6874
4988,1119.9321,390.6443
4992,1120.9301,377.07
4996,1118.8713,383.2531
5000,993.7949,380.0581
5004,1070.1005,392.8311
5008,1105.0268,379.1371
5012,1037.5008,382.3711
5016,1072.3373,389.8742
5020,1124.0296,387.4639
5024,1165.1881,394.0603
5028,1111.7905,383.1924
5032,1113.6694,391.9753
5036,1123.4039,390.1862
5040,1123.18,392.3487
5044,1116.2642,393.3952
5048,1120.6946,390.0716
5052,1106.5944,396.2478
5056,1115.2777,389.0442
5060,1123.5761,392.763
5064,1116.5274,390.4907
5068,1087.7688,387.4687
5072,1071.3298,395.1328
5076,1100.16,391.9503
5080,1075.6017,389.8361
5084,1120.4668,403.4032
5088,1121.3977,392.7835
5092,1097.4564,397.2803
5096,1115.4803,397.7164
5100,1094.0287,397.4156
5104,1078.3821,390.6612
5108,1109.6649,394.7845
5112,1124.9677,399.7428
5116,1096.1382,405.1977
5120,1075.9222,386.8648
5124,1102.7731,401.4548
5128,1129.1519,406.1246
5132,1119.1449,395.6886
5136,1121.806,396.9091
5140,1118.6494,327.35040000000004
5144,1054.1644,395.1601
5148,1065.3147,412.9244
5152,1127.9922,400.2715
5156,1076.3885,401.9298
5160,1076.2506,404.956
5164,1084.1185,405.1462
5168,1087.9471,384.9708
5172,1126.0449,398.1597
5176,1125.3186,394.0555
5180,1083.7214,401.7276
5184,1142.8746,399.4827
5188,1000.9106,397.465
5192,1087.2185,393.4946
5196,1156.204,399.1956
5200,1085.1799,384.6275
5204,1087.8328,396.1189
5208,1086.6103,391.9515
5212,997.8418,383.0232
5216,1121.8205,381.4528
5220,1138.245,386.8634
5224,1089.0577,398.1848
5228,1081.2714,387.4775
5232,1085.1303,384.4677
5236,1098.8155,386.8896
5240,1123.1831,392.4643
5244,1119.6774,400.0893
5248,1092.3102,398.1432
5252,1112.5279,402.541
5256,991.604,393.5669
5260,1095.3483,387.9302
5264,1112.3257,379.3719
5268,1096.4381,378.814
5272,1127.9625,405.6742
5276,1114.9186,383.5214
5280,1069.4154,389.7908
5284,1132.0913,379.6609
5288,1121.9553,378.0009
5292,1122.9778,388.1826
5296,1116.8623,380.1313
5300,1124.1056,385.2854
5304,1011.9734,383.5488
5308,1099.8722,383.5902
5312,1066.7322,389.4393
5316,1079.1277,386.2062
5320,1082.3048,379.3078
5324,1119.8212,386.4393
5328,1071.4458,395.3548
5332,1059.7161,403.1865
5336,1119.405,387.286
5340,1000.2612,398.3161
5344,1057.997,396.9944
5348,1102.4644,385.5979
5352,1076.0007,391.9531
5356,1081.4638,397.6705
5360,1098.2671,394.2728
